001	激光4k豪华影厅
8	19
1 1 1 1 3 1 1 1 1 1 1 1 1 1 3 1 1 1 1 
1 0 0 1 3 1 1 1 1 1 1 1 1 1 3 1 1 1 1 
1 1 0 1 3 1 1 1 1 1 1 1 1 1 3 1 1 1 1 
1 1 1 1 3 1 1 1 1 1 1 1 1 1 3 1 1 1 1 
1 1 1 1 3 1 1 1 1 1 1 1 1 1 3 1 1 1 1 
1 1 1 1 3 1 1 1 1 1 1 1 1 1 3 1 1 1 1 
3 1 1 1 3 1 1 1 1 1 1 1 1 1 3 1 1 1 3 
3 3 1 1 3 1 1 1 1 1 1 1 1 1 3 1 1 3 3 
3	135
唐人街探案

002	杜比全景声影厅
8	19
1 1 1 3 1 1 1 1 1 3 1 1 1 1 1 3 1 1 1 
1 0 1 3 1 1 1 1 1 3 1 1 1 1 1 3 1 1 1 
1 1 1 3 1 1 1 1 1 3 1 1 1 1 1 3 1 1 1 
1 1 1 3 1 1 1 1 1 3 1 1 1 1 1 3 1 1 1 
1 1 1 3 1 1 1 1 1 3 1 1 1 1 1 3 1 1 1 
1 1 1 3 1 1 1 1 1 3 1 1 1 1 1 3 1 1 1 
3 1 1 3 1 1 1 1 1 3 1 1 1 1 1 3 1 1 3 
3 3 1 3 1 1 1 1 1 3 1 1 1 1 1 3 1 3 3 
1	40
何以为家

003	超大超豪华影厅
10	19
1 1 1 1 1 1 3 3 3 3 3 3 3 1 1 1 1 1 1 
1 0 0 1 1 1 1 3 3 3 3 3 1 1 1 1 1 1 1 
1 1 1 1 1 1 1 1 3 3 3 1 1 1 1 1 1 1 1 
1 1 1 1 1 1 1 1 1 3 1 1 1 1 1 1 1 1 1 
1 1 1 1 1 1 1 1 1 1 1 1 1 1 1 1 1 1 1 
1 1 1 1 1 1 1 1 1 1 1 1 1 1 1 1 1 1 1 
3 1 1 1 1 1 1 1 1 1 1 1 1 1 1 1 1 1 3 
3 3 1 1 1 1 1 1 1 1 1 1 1 1 1 1 1 3 3 
3 3 3 1 1 1 1 1 1 1 1 1 1 1 1 1 3 3 3 
3 3 3 3 1 1 1 1 1 1 1 1 1 1 1 3 3 3 3 
2	80
你好李焕英

004	超大超豪华影厅
10	19
1 1 0 1 1 1 3 3 3 3 3 3 3 1 1 1 1 1 1 
1 0 0 0 0 1 1 3 3 3 3 3 1 1 1 1 1 1 1 
1 1 0 1 1 1 1 1 3 3 3 1 1 1 1 1 1 1 1 
1 1 1 0 1 1 1 1 1 3 1 1 1 1 1 1 1 1 1 
1 1 1 1 1 1 1 1 1 1 1 1 1 1 1 1 1 1 1 
1 1 1 1 1 0 1 1 1 1 1 1 1 1 1 1 1 1 1 
3 1 1 1 1 1 1 1 1 1 1 1 1 1 1 1 1 1 3 
3 3 1 1 1 1 1 1 1 1 1 1 1 1 1 1 1 3 3 
3 3 3 1 1 1 1 1 1 1 1 1 1 1 1 1 3 3 3 
3 3 3 3 1 1 1 1 1 1 1 1 1 1 1 3 3 3 3 
8	360
霸王别姬

005	杜比全景声影厅
8	19
1 1 1 3 1 1 1 1 1 3 1 1 1 1 1 3 1 1 1 
1 0 1 3 1 1 1 1 1 3 1 1 1 1 1 3 1 1 1 
1 1 1 3 1 1 1 1 1 3 1 1 1 1 1 3 1 1 1 
1 1 1 3 1 1 1 1 1 3 1 1 1 1 1 3 1 1 1 
1 1 1 3 1 1 1 1 1 3 1 1 1 1 1 3 1 1 1 
1 1 1 3 1 1 1 1 1 3 1 1 1 1 1 3 1 1 1 
3 1 1 3 1 1 1 1 1 3 1 1 1 1 1 3 1 1 3 
3 3 1 3 1 1 1 1 1 3 1 1 1 1 1 3 1 3 3 
1	40
阿斯顿

